%温度t/c	密度      	比热容	        热导率	运动黏度  动力黏度	普朗特数
% t/c   p kg/m3  CP kJ/(kg • K) 入 W/(m・ K)  V m/s    v Pa・s   Pr
waterchanshu = [0	999.9	4.212	0.551	1.789E-06	0.001788	13.67
1	999.9	4.210	0.553	1.741E-06	0.0017398	13.26
2	999.9	4.208	0.556	1.692E-06	0.0016916	12.84
3	999.9	4.206	0.558	1.644E-06	0.0016434	12.43
4	999.8	4.204	0.560	1.596E-06	0.0015952	12.01
5	999.8	4.202	0.563	1.548E-06	0.001547	11.60
6	999.8	4.199	0.565	1.499E-06	0.0014988	11.18
7	999.8	4.197	0.567	1.451E-06	0.0014506	10.77
8	999.7	4.195	0.569	1.403E-06	0.0014024	10.35
9	999.7	4.193	0.572	1.354E-06	0.0013542	9.94
10	999.7	4.191	0.574	1.306E-06	0.001306	9.52
11	999.6	4.190	0.577	1.276E-06	0.0012758	9.27
12	999.4	4.189	0.579	1.246E-06	0.0012456	9.02
13	999.3	4.189	0.582	1.216E-06	0.0012154	8.77
14	999.1	4.188	0.584	1.186E-06	0.0011852	8.52
15	999.0	4.187	0.587	1.156E-06	0.001155	8.27
16	998.8	4.186	0.589	1.126E-06	0.0011248	8.02
17	998.7	4.185	0.592	1.096E-06	0.0010946	7.77
18	998.5	4.185	0.594	1.066E-06	0.0010644	7.52
19	998.4	4.184	0.597	1.036E-06	0.0010342	7.27
20	998.2	4.183	0.599	1.006E-06	0.001004	7.02
21	998.0	4.182	0.601	9.859E-07	0.00098375	6.86
22	997.7	4.181	0.603	9.658E-07	0.0009635	6.70
23	997.5	4.180	0.605	9.457E-07	0.00094325	6.54
24	997.2	4.179	0.607	9.256E-07	0.000923	6.38
25	997.0	4.179	0.609	9.055E-07	0.00090275	6.22
26	996.7	4.178	0.610	8.854E-07	0.0008825	6.06
27	996.5	4.177	0.612	8.653E-07	0.00086225	5.90
28	996.2	4.176	0.614	8.452E-07	0.000842	5.74
29	996.0	4.175	0.616	8.251E-07	0.00082175	5.58
30	995.7	4.174	0.618	8.050E-07	0.0008015	5.42
31	995.4	4.174	0.620	7.904E-07	0.00078668	5.31
32	995.0	4.174	0.621	7.758E-07	0.00077186	5.20
33	994.7	4.174	0.623	7.612E-07	0.00075704	5.09
34	994.3	4.174	0.625	7.466E-07	0.00074222	4.98
35	994.0	4.174	0.627	7.320E-07	0.0007274	4.87
36	993.6	4.174	0.628	7.174E-07	0.00071258	4.75
37	993.3	4.174	0.630	7.028E-07	0.00069776	4.64
38	992.9	4.174	0.632	6.882E-07	0.00068294	4.53
39	992.6	4.174	0.633	6.736E-07	0.00066812	4.42
40	992.2	4.174	0.635	6.590E-07	0.0006533	4.31
41	991.8	4.174	0.636	6.487E-07	0.00064291	4.23
42	991.4	4.174	0.638	6.384E-07	0.00063252	4.16
43	991.0	4.174	0.639	6.281E-07	0.00062213	4.08
44	990.6	4.174	0.640	6.178E-07	0.00061174	4.00
45	990.2	4.174	0.642	6.075E-07	0.00060135	3.93
46	989.7	4.174	0.643	5.972E-07	0.00059096	3.85
47	989.3	4.174	0.644	5.869E-07	0.00058057	3.77
48	988.9	4.174	0.645	5.766E-07	0.00057018	3.69
49	988.5	4.174	0.647	5.663E-07	0.00055979	3.62
50	988.1	4.174	0.648	5.560E-07	0.0005494	3.54
51	987.6	4.175	0.649	5.482E-07	0.00054145	3.49
52	987.1	4.175	0.650	5.404E-07	0.0005335	3.43
53	986.6	4.176	0.651	5.326E-07	0.00052555	3.38
54	986.1	4.176	0.652	5.248E-07	0.0005176	3.32
55	985.6	4.177	0.654	5.170E-07	0.00050965	3.27
56	985.1	4.177	0.655	5.092E-07	0.0005017	3.21
57	984.6	4.178	0.656	5.014E-07	0.00049375	3.16
58	984.1	4.178	0.657	4.936E-07	0.0004858	3.10
59	983.6	4.179	0.658	4.858E-07	0.00047785	3.05
60	983.1	4.179	0.659	4.780E-07	0.0004699	2.99
61	982.6	4.180	0.660	4.717E-07	0.00046352	2.95
62	982.0	4.181	0.661	4.654E-07	0.00045714	2.90
63	981.5	4.181	0.662	4.591E-07	0.00045076	2.86
64	981.0	4.182	0.663	4.528E-07	0.00044438	2.81
65	980.5	4.183	0.664	4.465E-07	0.000438	2.77
66	979.9	4.184	0.664	4.402E-07	0.00043162	2.73
67	979.4	4.185	0.665	4.339E-07	0.00042524	2.68
68	978.9	4.185	0.666	4.276E-07	0.00041886	2.64
69	978.3	4.186	0.667	4.213E-07	0.00041248	2.59
70	977.8	4.187	0.668	4.150E-07	0.0004061	2.55
71	977.2	4.188	0.669	4.100E-07	0.000401	2.52
72	976.6	4.189	0.669	4.050E-07	0.0003959	2.48
73	976.0	4.189	0.670	4.000E-07	0.0003908	2.45
74	975.4	4.190	0.670	3.950E-07	0.0003857	2.41
75	974.8	4.191	0.671	3.900E-07	0.0003806	2.38
76	974.2	4.192	0.672	3.850E-07	0.0003755	2.35
77	973.6	4.193	0.672	3.800E-07	0.0003704	2.31
78	973.0	4.193	0.673	3.750E-07	0.0003653	2.28
79	972.4	4.194	0.673	3.700E-07	0.0003602	2.24
80	971.8	4.195	0.674	3.650E-07	0.0003551	2.21
];
save waterchanshu